0 0 0 0 0 0 0 0 0                   ! on (1)|off(0) flags for elev, air pressure, windx, windy, T, S, u, v, w
398						            ! nsta
1   -64.7033   32.3734   0          ! 2695540
2   -66.982578   44.904494   0      ! 8410140
3   -67.10853   44.871053   0       ! 8410714
4   -67.12502   44.91991   0        ! 8410715
5   -67.14069   45.13007   0        ! 8410834
6   -67.14943   44.82265   0        ! 8410864
7   -67.18715   44.6494   0         ! 8411060
8   -67.2968   44.64094   0         ! 8411250
9   -67.86194   44.52919   0        ! 8412581
10   -68.203789   44.393117   0     ! 8413320
11   -68.43312   44.17317   0       ! 8413825
12   -68.62019   44.19361   0       ! 8414249
13   -68.771994   44.787951   0     ! 8414612
14   -68.81209   44.47508   0       ! 8414721
15   -68.88961   44.16648   0       ! 8414888
16   -69.1017   44.105   0          ! 8415490
17   -69.178821   44.068193   0     ! 8415709
18   -69.78472   43.75527   0       ! 8417177
19   -69.7971   44.0872   0         ! 8417208
20   -69.8088   43.925   0          ! 8417227
21   -70.246   43.6561   0          ! 8418150
22   -70.332532   43.537879   0     ! 8418445
23   -70.3817   43.4617   0         ! 8418606
24   -70.558922   43.321488   0     ! 8419317
25   -70.741866   43.078187   0     ! 8419870
26   -70.71028   43.07173   0       ! 8423898
27   -70.908   42.836   0           ! 8440273
28   -70.82   42.8167   0           ! 8440452
29   -70.8733   42.815   0          ! 8440466
30   -70.61431   42.66124   0       ! 8441551
31   -70.87414   42.523327   0      ! 8442645
32   -70.943601   42.454448   0     ! 8443187
33   -71.0451   42.35831   0        ! 8443970
34   -70.8917   42.3283   0         ! 8444162
35   -70.95042   42.28219   0       ! 8444525
36   -70.96102   42.24973   0       ! 8444788
37   -70.720915   42.202642   0     ! 8445138
38   -70.635801   42.08222   0      ! 8446009
39   -70.17961   42.04799   0       ! 8446121
40   -70.66548   42.03619   0       ! 8446166
41   -70.659176   41.96194   0      ! 8446493
42   -70.535   41.775   0           ! 8447173
43   -70.5617   41.77   0           ! 8447191
44   -70.154488   41.760107   0     ! 8447241
45   -70.5934   41.7459   0         ! 8447259
46   -70.6167   41.7417   0         ! 8447270
47   -70.6243   41.735   0          ! 8447295
48   -70.71276   41.7137   0        ! 8447368
49   -71.16666   41.70666   0       ! 8447386
50   -70.71743   41.69759   0       ! 8447416
51   -69.94764   41.68907   0       ! 8447435
52   -70.055709   41.661871   0     ! 8447495
53   -70.89813   41.59109   0       ! 8447712
54   -70.9283   41.5383   0         ! 8447842
55   -70.6717   41.5233   0         ! 8447930
56   -70.59037   41.46602   0       ! 8448157
57   -70.50592   41.38799   0       ! 8448558
58   -70.768235   41.359007   0     ! 8448725
59   -70.09138   41.28624   0       ! 8449130
60   -71.25459   41.63896   0       ! 8451552
61   -71.3267   41.505   0          ! 8452660
62   -71.3433   41.7167   0         ! 8452944
63   -71.3867   41.4967   0         ! 8453742
64   -71.39841   41.80802   0       ! 8454000
65   -71.40797   41.58379   0       ! 8454049
66   -71.43918   41.57345   0       ! 8454538
67   -71.49304   41.35848   0       ! 8455083
68   -71.76166   41.32248   0       ! 8458022
69   -71.55349   41.17588   0       ! 8459338
70   -71.58174   41.22902   0       ! 8459479
71   -71.615926   41.163659   0     ! 8459681
72   -72.0898   41.3611   0         ! 8461490
73   -72.52643   41.260331   0      ! 8463701
74   -72.91045   41.28342   0       ! 8465705
75   -73.1817   41.1733   0         ! 8467150
76   -73.206   41.14987   0         ! 8467373
77   -73.28387   41.12148   0       ! 8467726
78   -73.48167   41.03813   0       ! 8468799
79   -71.853025   41.072118   0     ! 8510321
80   -71.935   41.0733   0          ! 8510448
81   -71.96317   41.04984   0       ! 8510560
82   -72.033971   41.258921   0     ! 8510719
83   -72.18973   41.03763   0       ! 8511171
84   -72.206224   41.167811   0     ! 8511236
85   -72.30853   41.1357   0        ! 8511671
86   -72.559938   41.016729   0     ! 8512668
87   -72.580919   40.932948   0     ! 8512735
88   -72.5772   40.823   0          ! 8512769
89   -72.644417   40.986032   0     ! 8512987
90   -72.868107   40.738508   0     ! 8513825
91   -73.000378   40.746273   0     ! 8514322
92   -73.043316   40.967465   0     ! 8514422
93   -73.355863   40.9007   0       ! 8515586
94   -73.4   40.9533   0            ! 8515786
95   -73.4317   40.91   0           ! 8515921
96   -73.47   40.8733   0           ! 8516061
97   -73.55   40.9033   0           ! 8516299
98   -73.657634   40.862317   0     ! 8516614
99   -73.7033   40.8317   0         ! 8516761
100   -73.767771   40.80986   0     ! 8516945
101   -73.784009   40.796532   0    ! 8516990
102   -73.857582   40.783285   0    ! 8517276
103   -73.995297   40.704588   0    ! 8517847
104   -73.6717   40.9617   0        ! 8518091
105   -73.90544   40.79982   0      ! 8518639
106   -73.94088   40.77583   0      ! 8518668
107   -73.95683   40.75674   0      ! 8518687
108   -73.97095   40.71246   0      ! 8518699
109   -74.014567   40.699585   0    ! 8518750
110   -73.925   40.8783   0         ! 8518903
111   -73.917862   40.903565   0    ! 8518905
112   -73.962672   41.218673   0    ! 8518924
113   -74.14238   40.64105   0      ! 8519483
114   -74.009704   40.466516   0    ! 8531680
115   -74.418042   39.354628   0    ! 8534720
116   -74.47557   39.332765   0     ! 8534770
117   -74.533823   39.308779   0    ! 8534836
118   -74.970151   38.968923   0    ! 8536110
119   -74.892315   39.131047   0    ! 8536581
120   -75.176718   39.237066   0    ! 8536931
121   -75.375   39.305   0          ! 8537121
122   -75.043   40.0119   0         ! 8538886
123   -74.8697   40.0817   0        ! 8539094
124   -74.7367   40.1367   0        ! 8539487
125   -74.755   40.1883   0         ! 8539993
126   -75.41   39.8117   0          ! 8540433
127   -75.139932   39.931206   0    ! 8545240
128   -75.136519   39.952939   0    ! 8545530
129   -74.751614   40.136039   0    ! 8548989
130   -75.5883   39.5817   0        ! 8551762
131   -75.5733   39.5587   0        ! 8551910
132   -75.39948   39.18407   0      ! 8554399
133   -75.1133   38.9867   0        ! 8555889
134   -75.12007   38.78563   0      ! 8557380
135   -75.069817   38.608995   0    ! 8558690
136   -75.082012   38.325174   0    ! 8570280
137   -75.0917   38.3283   0        ! 8570283
138   -75.186036   38.215805   0    ! 8570536
139   -75.283183   38.148353   0    ! 8570649
140   -75.8661   37.97433   0       ! 8571091
141   -76.03134   38.00391   0      ! 8571117
142   -76.038347   38.21947   0     ! 8571421
143   -76.004946   38.299417   0    ! 8571559
144   -76.265379   38.343097   0    ! 8571579
145   -75.8193   38.484   0         ! 8571773
146   -76.06833   38.57582   0      ! 8571892
147   -76.374002   38.834989   0    ! 8572467
148   -75.89879   38.81478   0      ! 8572669
149   -76.355   38.9567   0         ! 8572770
150   -76.298796   39.031922   0    ! 8572955
151   -75.925004   39.244542   0    ! 8573349
152   -76.24803   39.21342   0      ! 8573364
153   -76.063216   39.374688   0    ! 8573704
154   -75.916899   39.503829   0    ! 8573903
155   -75.81   39.5277   0          ! 8573927
156   -76.0897   39.536104   0      ! 8574070
157   -76.255   39.3883   0         ! 8574459
158   -76.5774   39.266773   0      ! 8574680
159   -76.584232   39.259525   0    ! 8574683
160   -76.480484   38.984902   0    ! 8575512
161   -76.47145   38.466679   0     ! 8577004
162   -76.396105   38.393617   0    ! 8577188
163   -76.4517   38.3167   0        ! 8577330
164   -76.683447   38.656181   0    ! 8579542
165   -77.0217   38.8733   0        ! 8594900
166   -75.40609   37.90977   0      ! 8630308
167   -75.9884   37.1652   0        ! 8632200
168   -76.026953   37.263343   0    ! 8632366
169   -76.015   37.5383   0         ! 8632837
170   -75.91664   37.5536   0       ! 8632869
171   -75.97872   37.82152   0      ! 8633532
172   -76.95805   38.25314   0      ! 8635150
173   -77.2072   38.1903   0        ! 8635257
174   -76.464535   37.995031   0    ! 8635750
175   -76.7833   37.8733   0        ! 8635985
176   -76.29009   37.61063   0      ! 8636580
177   -76.271067   37.34666   0     ! 8637289
178   -76.2217   37.2567   0        ! 8637590
179   -76.498348   37.245018   0    ! 8637624
180   -76.4783   37.2267   0        ! 8637689
181   -76.384884   36.836342   0    ! 8638339
182   -76.6646   37.05649   0       ! 8638421
183   -76.663025   37.219669   0    ! 8638424
184   -76.782819   37.185532   0    ! 8638433
185   -76.9117   37.4033   0        ! 8638445
186   -76.943845   37.238852   0    ! 8638450
187   -76.33   36.9467   0          ! 8638610
188   -76.29152   36.821695   0     ! 8638660
189   -76.1133   36.9667   0        ! 8638863
190   -75.965437   36.832327   0    ! 8639207
191   -76.3017   36.778   0         ! 8639348
192   -75.74629   36.18354   0      ! 8651370
193   -75.76475   35.90578   0      ! 8652247
194   -75.67317   35.84425   0      ! 8652437
195   -75.7   35.8117   0           ! 8652547
196   -75.55207   35.79269   0      ! 8652587
197   -75.634549   35.221412   0    ! 8654400
198   -75.702639   35.211002   0    ! 8654467
199   -75.99048   35.11553   0      ! 8654792
200   -76.342781   34.874003   0    ! 8655875
201   -76.67097   34.72032   0      ! 8656483
202   -76.71162   34.6914   0       ! 8656590
203   -77.9533   34.2267   0        ! 8658120
204   -77.78509   34.21276   0      ! 8658163
205   -78.0183   33.915   0         ! 8659084
206   -78.082238   33.900418   0    ! 8659182
207   -78.50555   33.86368   0      ! 8659897
208   -78.916457   33.654939   0    ! 8661070
209   -79.92109   33.00971   0      ! 8664022
210   -79.83   32.9267   0          ! 8664545
211   -79.708278   32.856423   0    ! 8664941
212   -80.022751   32.836208   0    ! 8665099
213   -79.92188   32.78178   0      ! 8665530
214   -80.78517   32.50224   0      ! 8667633
215   -80.465   32.34   0           ! 8668498
216   -80.7367   32.2667   0        ! 8668918
217   -80.901394   32.034568   0    ! 8670870
218   -81.396592   31.131501   0    ! 8677344
219   -81.513048   30.798048   0    ! 8679511
220   -81.472976   30.763481   0    ! 8679758
221   -81.548453   30.719176   0    ! 8679964
222   -81.465   30.7083   0         ! 8720011
223   -81.3017   30.7167   0        ! 8720012
224   -81.466552   30.672035   0    ! 8720030
225   -81.521131   30.643263   0    ! 8720051
226   -81.515   30.5683   0         ! 8720098
227   -81.41309   30.40121   0      ! 8720211
228   -81.43   30.3967   0          ! 8720218
229   -81.5583   30.3867   0        ! 8720219
230   -81.43237   30.3938   0       ! 8720220
231   -81.630873   30.384172   0    ! 8720225
232   -81.618389   30.360187   0    ! 8720242
233   -81.383948   30.283377   0    ! 8720291
234   -81.68728   30.19167   0      ! 8720357
235   -81.627336   29.97908   0     ! 8720503
236   -81.3   29.9167   0           ! 8720554
237   -81.3067   29.8667   0        ! 8720582
238   -81.262078   29.856732   0    ! 8720587
239   -81.549421   29.800179   0    ! 8720625
240   -81.258825   29.768081   0    ! 8720651
241   -81.22543   29.7067   0       ! 8720692
242   -81.204825   29.614727   0    ! 8720757
243   -81.6817   29.595   0         ! 8720767
244   -81.629468   29.642306   0    ! 8720774
245   -81.675937   29.477029   0    ! 8720832
246   -81.00428   29.228678   0     ! 8721020
247   -80.5935   28.4158   0        ! 8721604
248   -80.601528   28.408758   0    ! 8721608
249   -80.3717   27.6317   0        ! 8722125
250   -80.325   27.4717   0         ! 8722208
251   -80.05195   26.82819   0      ! 8722548
252   -80.049868   26.770048   0    ! 8722588
253   -80.0467   26.6133   0        ! 8722669
254   -80.0333   26.6117   0        ! 8722670
255   -80.118874   25.903618   0    ! 8723080
256   -80.12776   25.76766   0      ! 8723170
257   -80.13   25.7633   0          ! 8723178
258   -80.161689   25.731063   0    ! 8723214
259   -81.01559   24.71504   0      ! 8723962
260   -81.10547   24.71389   0      ! 8723970
261   -81.80899   24.55592   0      ! 8724580
262   -81.8783   24.4533   0        ! 8724635
263   -81.9215   24.7183   0        ! 8724671
264   -82.92   24.6317   0          ! 8724698
265   -81.810255   26.131535   0    ! 8725110
266   -81.871348   26.648266   0    ! 8725520
267   -82.75934   27.60206   0      ! 8726347
268   -82.72634   27.61334   0      ! 8726364
269   -82.563343   27.639414   0    ! 8726384
270   -82.626065   27.758975   0    ! 8726520
271   -82.554158   27.858014   0    ! 8726607
272   -82.425   27.9133   0         ! 8726667
273   -82.832545   27.978544   0    ! 8726724
274   -82.684656   27.988225   0    ! 8726738
275   -82.6383   28.6917   0        ! 8727235
276   -82.6383   28.7617   0        ! 8727274
277   -82.69728   28.77112   0      ! 8727277
278   -82.60483   28.80443   0      ! 8727293
279   -82.66196   28.82396   0      ! 8727306
280   -82.66659   28.86071   0      ! 8727328
281   -82.7233   28.87   0          ! 8727333
282   -82.637038   28.880438   0    ! 8727336
283   -82.63766   28.90692   0      ! 8727348
284   -82.6917   28.9233   0        ! 8727359
285   -83.03033   29.13323   0      ! 8727520
286   -84.28925   30.05494   0      ! 8728229
287   -84.51123   29.91343   0      ! 8728360
288   -84.97995   29.72904   0      ! 8728690
289   -85.667507   30.152439   0    ! 8729108
290   -85.878414   30.212403   0    ! 8729210
291   -86.490935   30.502429   0    ! 8729501
292   -86.86464   30.37521   0      ! 8729678
293   -87.358391   30.421833   0    ! 8729905
294   -87.430067   30.386993   0    ! 8729941
295   -87.662296   30.245075   0    ! 8731439
296   -87.935846   30.488386   0    ! 8733821
297   -88.07324   30.25023   0      ! 8735180
298   -88.088   30.5652   0         ! 8735391
299   -88.039647   30.708321   0    ! 8737048
300   -88.53245   30.33555   0      ! 8741196
301   -88.664268   30.238824   0    ! 8742221
302   -88.81941   30.39037   0      ! 8743281
303   -88.90043   30.41646   0      ! 8744117
304   -89.0817   30.36   0          ! 8745557
305   -89.3258   30.3264   0        ! 8747437
306   -89.3667   30.2817   0        ! 8747766
307   -89.0445   29.2008   0        ! 8760417
308   -89.14   28.99   0            ! 8760551
309   -89.2583   29.1783   0        ! 8760721
310   -89.349753   29.27282   0     ! 8760849
311   -89.4075   28.9322   0        ! 8760922
312   -89.4183   28.925   0         ! 8760943
313   -89.672821   29.868387   0    ! 8761305
314   -89.835   29.945   0          ! 8761529
315   -90.0383   29.4017   0        ! 8761819
316   -90.1134   30.0272   0        ! 8761927
317   -90.25499   29.06391   0      ! 8762075
318   -90.976   29.1739   0         ! 8763535
319   -91.229909   29.743354   0    ! 8764025
320   -91.2375   29.6675   0        ! 8764044
321   -91.32502   29.44432   0      ! 8764227
322   -91.385   29.3717   0         ! 8764311
323   -91.88   29.7134   0          ! 8765251
324   -93.34381   29.76818   0      ! 8768094
325   -93.93146   29.867292   0     ! 8770475
326   -93.880739   29.980641   0    ! 8770520
327   -93.895   29.7667   0         ! 8770539
328   -94.69352   29.71272   0      ! 8770559
329   -93.86806   29.72936   0      ! 8770570
330   -93.72147   30.097992   0     ! 8770597
331   -94.985   29.6817   0         ! 8770613
332   -94.865091   29.678442   0    ! 8770625
333   -95.0783   29.765   0         ! 8770733
334   -95.090322   29.758555   0    ! 8770743
335   -95.243098   29.719096   0    ! 8770777
336   -93.8369   29.6781   0        ! 8770822
337   -95.06616   29.560936   0     ! 8770933
338   -94.508166   29.515648   0    ! 8770971
339   -94.917035   29.478302   0    ! 8771013
340   -93.64   29.4983   0          ! 8771081
341   -94.780809   29.365289   0    ! 8771328
342   -94.725255   29.354342   0    ! 8771341
343   -94.793617   29.310714   0    ! 8771450
344   -94.789305   29.284909   0    ! 8771510
345   -95.306851   28.944272   0    ! 8772440
346   -95.302756   28.94251   0     ! 8772447
347   -96.71439   28.40467   0      ! 8773037
348   -96.595   28.64   0           ! 8773259
349   -96.3883   28.4517   0        ! 8773701
350   -97.0217   28.1183   0        ! 8774513
351   -97.04626   28.021237   0     ! 8774770
352   -97.475   27.8583   0         ! 8775188
353   -97.074256   27.840548   0    ! 8775237
354   -97.05   27.8267   0          ! 8775270
355   -97.203184   27.8208   0      ! 8775283
356   -97.39   27.8117   0          ! 8775296
357   -97.27993   27.705466   0     ! 8775421
358   -97.237549   27.634074   0    ! 8775792
359   -97.2167   27.58   0          ! 8775870
360   -97.1767   26.0767   0        ! 8779748
361   -97.156866   26.06777   0     ! 8779750
362   -97.19765   26.07439   0      ! 8779770
363   -97.7805   22.262   0         ! 9500966
364   -87.87   15.893   0           ! 9650593
365   -78.997   26.71   0           ! 9710441
366   -64.72141   18.37005   0      ! 9751309
367   -64.705   17.753   0          ! 9751364
368   -64.70359   18.33774   0      ! 9751373
369   -64.72899   18.31268   0      ! 9751381
370   -64.7541   17.695   0         ! 9751401
371   -64.804   18.6309   0         ! 9751467
372   -64.818   18.297   0          ! 9751494
373   -64.86046   18.31232   0      ! 9751567
374   -64.864   18.3487   0         ! 9751583
375   -64.888   17.713   0          ! 9751584
376   -64.9271   18.33152   0       ! 9751639
377   -64.96174   18.37607   0      ! 9751768
378   -65.035   18.363   0          ! 9751774
379   -65.30617   18.29819   0      ! 9752235
380   -65.44719   18.15561   0      ! 9752619
381   -65.47541   18.08599   0      ! 9752695
382   -65.57648   18.3465   0       ! 9752962
383   -65.62875   18.33648   0      ! 9753216
384   -65.71416   18.18503   0      ! 9753641
385   -65.82495   18.04794   0      ! 9754228
386   -66.12059   18.47524   0      ! 9755371
387   -66.158   17.928   0          ! 9755679
388   -66.40938   17.94886   0      ! 9756639
389   -66.7021   18.4814   0        ! 9757809
390   -66.762   17.973   0          ! 9758053
391   -67.046   17.97   0           ! 9759110
392   -67.19021   18.07111   0      ! 9759189
393   -67.20128   17.94837   0      ! 9759197
394   -67.16921   18.21401   0      ! 9759394
395   -67.16846   18.45574   0      ! 9759412
396   -67.19035   18.16377   0      ! 9759421
397   -67.9936   18.107   0         ! 9759938
398   -61.84459   17.55462   0      ! 9761115
